2 0.390368 0.678697 0.152430 0.642606
2 0.508501 0.713028 0.192882 0.573944
2 0.597027 0.782130 0.252681 0.435739
2 0.678518 0.853873 0.287857 0.292254
2 0.808963 0.951585 0.246232 0.096830
2 0.822740 0.830546 0.187019 0.178697
2 0.790496 0.670335 0.245646 0.261444
2 0.712229 0.536532 0.242715 0.287852
2 0.589699 0.410651 0.174708 0.294894
2 0.458668 0.402729 0.108460 0.442782
2 0.329689 0.485915 0.099079 0.566901
2 0.258165 0.588908 0.153016 0.700704
2 0.175794 0.664613 0.223954 0.500000
2 0.201004 0.761444 0.401007 0.477112
2 0.156740 0.867958 0.312481 0.264084