2 0.346105 0.545335 0.386350 0.220951
2 0.471566 0.763644 0.387523 0.150528
2 0.408542 0.180018 0.073870 0.212148
2 0.475084 0.240317 0.065076 0.179577
2 0.565076 0.286532 0.071525 0.173415
2 0.647739 0.343310 0.089113 0.153169
2 0.728351 0.382042 0.102597 0.167254
2 0.798117 0.438820 0.106114 0.148768
2 0.890747 0.490757 0.140118 0.139965
2 0.946107 0.544454 0.107786 0.129401
2 0.435804 0.096831 0.066248 0.193662
2 0.514070 0.148327 0.063317 0.192782
2 0.597907 0.169894 0.079732 0.176056
2 0.695813 0.218750 0.099665 0.139965
2 0.752974 0.279049 0.109632 0.153169
2 0.840915 0.323504 0.121357 0.143486
2 0.920061 0.374120 0.140118 0.174296
2 0.528141 0.079225 0.078560 0.158450
2 0.697865 0.134683 0.087354 0.181338
2 0.628099 0.098592 0.070938 0.197183
2 0.783460 0.181778 0.117840 0.162852
2 0.872866 0.234595 0.138359 0.145246
2 0.937312 0.284771 0.125375 0.183979
2 0.892213 0.146127 0.151257 0.193662
2 0.819516 0.055018 0.096148 0.110035
2 0.735973 0.042694 0.081491 0.085387
2 0.566835 0.036532 0.038694 0.073063
2 0.457789 0.059859 0.057454 0.119718