2 0.146127 0.493838 0.060739 0.075704
2 0.140185 0.427377 0.048856 0.069542
2 0.220070 0.485915 0.063380 0.086268
2 0.244498 0.441461 0.059419 0.046655
2 0.288072 0.488996 0.046215 0.078345
2 0.365977 0.483715 0.064701 0.088908
2 0.440581 0.481954 0.055458 0.081866
2 0.518486 0.474472 0.063380 0.089789
2 0.590449 0.462148 0.051496 0.119718
2 0.645907 0.477113 0.054137 0.082746
2 0.411532 0.440581 0.050176 0.046655
2 0.471611 0.457306 0.033011 0.050176
2 0.553477 0.459507 0.017165 0.077465
2 0.681558 0.790053 0.357835 0.166373
2 0.356074 0.850352 0.499120 0.073944
2 0.348151 0.430458 0.039613 0.021127
2 0.289393 0.438380 0.035651 0.019366