2 0.424958 0.123680 0.084423 0.138204
2 0.417629 0.199824 0.085009 0.121479
2 0.407956 0.268486 0.083250 0.116197
2 0.476549 0.305898 0.058627 0.087148
2 0.525796 0.294454 0.065662 0.118838
2 0.502052 0.216109 0.047488 0.092430
2 0.483585 0.127641 0.072697 0.126761
2 0.462479 0.025968 0.043384 0.051936
2 0.557454 0.207746 0.051592 0.146127
2 0.534297 0.123680 0.048660 0.101232
2 0.532538 0.049296 0.062731 0.098592
2 0.509967 0.027729 0.042211 0.055458
2 0.571818 0.031250 0.039280 0.062500
2 0.607873 0.287852 0.050419 0.135563
2 0.612270 0.173856 0.047488 0.092430
2 0.622823 0.093310 0.046315 0.073944
2 0.626341 0.029049 0.047488 0.056338
2 0.704607 0.059419 0.053937 0.118838
2 0.660637 0.173856 0.048074 0.108275
2 0.649498 0.223592 0.043384 0.086268
2 0.685554 0.269806 0.055695 0.083627
2 0.654775 0.339789 0.049246 0.086268
2 0.721023 0.191021 0.044556 0.117958
2 0.764993 0.132923 0.064489 0.086268
2 0.860555 0.127641 0.045729 0.075704
2 0.968678 0.175176 0.062644 0.135563
2 0.858796 0.387764 0.084423 0.080106
2 0.797531 0.366197 0.086181 0.082746
2 0.734800 0.358715 0.075629 0.076585
2 0.739197 0.283451 0.051592 0.080986
2 0.801342 0.289613 0.078560 0.093310
2 0.799290 0.209507 0.058040 0.070423
2 0.484171 0.702465 0.187606 0.376761
2 0.453685 0.951144 0.124289 0.097711