2 0.246479 0.357835 0.361796 0.088908
2 0.366637 0.441021 0.353873 0.065141
2 0.284111 0.221391 0.069982 0.060739
2 0.340229 0.245599 0.063380 0.049296
2 0.412852 0.262764 0.068662 0.051937
2 0.546875 0.294894 0.077905 0.051056
2 0.639305 0.315581 0.062060 0.041373
2 0.715889 0.329665 0.077905 0.041373
2 0.794454 0.341989 0.087148 0.050176
2 0.969190 0.243398 0.061620 0.067782
2 0.309859 0.181338 0.066021 0.066901
2 0.389085 0.198504 0.050176 0.058979
2 0.451805 0.211708 0.062060 0.064261
2 0.486136 0.256602 0.054137 0.074824
2 0.581866 0.265845 0.058099 0.063380
2 0.669674 0.273327 0.059419 0.050176
2 0.728433 0.286092 0.063380 0.044014
2 0.752201 0.244718 0.058099 0.035211
2 0.714569 0.197623 0.072623 0.057218
2 0.654489 0.213028 0.073944 0.072183
2 0.591769 0.208627 0.051496 0.044014
2 0.538292 0.229313 0.047535 0.051937
2 0.499340 0.179137 0.054137 0.043134
2 0.445863 0.164173 0.055458 0.037852
2 0.369938 0.148327 0.088468 0.043134
2 0.322403 0.122799 0.051496 0.053697
2 0.423415 0.078345 0.066021 0.047535
2 0.441901 0.114877 0.055458 0.050176
2 0.504621 0.119278 0.054137 0.066021
2 0.531690 0.156250 0.079225 0.071303
2 0.566021 0.120158 0.047535 0.058979
2 0.664393 0.127201 0.085827 0.087148