4 0.047833 0.307375 0.064667 0.309250
4 0.074417 0.300250 0.036833 0.266000
4 0.008417 0.355875 0.016167 0.224250
4 0.126667 0.310375 0.068667 0.310750
4 0.219000 0.310875 0.065667 0.300750
4 0.326917 0.305875 0.060167 0.319750
4 0.398333 0.301750 0.058667 0.314500
4 0.466583 0.302750 0.057500 0.307500
4 0.556917 0.304750 0.058500 0.310000
4 0.647083 0.304000 0.068167 0.311500
4 0.706000 0.310875 0.030333 0.300750
4 0.731167 0.307750 0.060667 0.307000
4 0.784917 0.310500 0.033833 0.300000
4 0.813750 0.308500 0.058167 0.304000
4 0.870333 0.344125 0.051000 0.229750
4 0.907917 0.335500 0.089833 0.247000
4 0.967333 0.321000 0.045000 0.282000
4 0.980917 0.315000 0.036833 0.294000
4 0.029917 0.591875 0.059167 0.217250
4 0.095083 0.525875 0.067167 0.347750
4 0.157250 0.525875 0.067167 0.347750
4 0.219583 0.568000 0.075833 0.263500
4 0.308750 0.524375 0.069167 0.355250
4 0.393333 0.549000 0.058667 0.297000
4 0.472833 0.531250 0.062000 0.328000
4 0.559750 0.552875 0.073167 0.280250
4 0.650333 0.572500 0.069667 0.232000
4 0.733500 0.554750 0.076333 0.282500
4 0.804917 0.597125 0.053500 0.202250
4 0.862500 0.604000 0.036333 0.173500
4 0.889500 0.606250 0.090333 0.181000
4 0.965833 0.587000 0.068333 0.212500
4 0.006333 0.834500 0.012333 0.249500
4 0.017333 0.842625 0.019667 0.234250
4 0.072917 0.827500 0.096500 0.266000
4 0.168750 0.828625 0.099500 0.263750
4 0.251583 0.775500 0.066167 0.362000
4 0.360167 0.859625 0.086333 0.190750
4 0.469000 0.820250 0.069667 0.260500
4 0.554417 0.822125 0.074833 0.264250
4 0.641250 0.766500 0.085833 0.368000
4 0.737500 0.771750 0.077333 0.356000
4 0.834667 0.781625 0.061667 0.334750
4 0.796417 0.827750 0.017167 0.206000
4 0.950167 0.829875 0.099667 0.235250
4 0.910750 0.824875 0.058167 0.215250
