4 0.143942 0.607152 0.066054 0.328477
4 0.186948 0.712450 0.055987 0.134834
4 0.211144 0.627285 0.043977 0.277616
4 0.248940 0.711258 0.033734 0.130861
4 0.266337 0.652715 0.033204 0.202914
4 0.303426 0.512715 0.043801 0.198411
4 0.320028 0.640927 0.081243 0.303311
4 0.417520 0.653510 0.073119 0.266490
4 0.488432 0.608874 0.045390 0.313377
4 0.531084 0.614040 0.066054 0.351258
4 0.584952 0.626225 0.045920 0.275497
4 0.632992 0.614834 0.061109 0.358675
4 0.674673 0.599338 0.056517 0.338278
4 0.733133 0.623179 0.083716 0.320795
4 0.770487 0.583046 0.065525 0.360265
4 0.839633 0.625695 0.093960 0.323179
