4 0.130208 0.401172 0.021528 0.085677
4 0.158854 0.401172 0.036806 0.088802
4 0.195573 0.401562 0.030729 0.089583
4 0.224219 0.402604 0.024479 0.082812
4 0.395226 0.416016 0.022396 0.072656
4 0.644358 0.395052 0.027604 0.133333
4 0.666319 0.399609 0.032639 0.128906
4 0.825434 0.376693 0.058854 0.170052
4 0.912240 0.374740 0.054688 0.175521
4 0.413021 0.183594 0.017361 0.078125
4 0.427344 0.183594 0.011285 0.078125
4 0.440625 0.183594 0.013194 0.073438
4 0.452691 0.184766 0.013715 0.077344
4 0.478993 0.180469 0.017361 0.073438
4 0.493056 0.180208 0.010764 0.072917
4 0.505556 0.180469 0.013194 0.073438
4 0.519792 0.178255 0.013194 0.073698
4 0.550000 0.180208 0.015278 0.083333
4 0.562674 0.176693 0.014236 0.075260
4 0.576215 0.176823 0.013889 0.078125
4 0.590278 0.179297 0.015278 0.078906
4 0.619878 0.174479 0.015451 0.076563
4 0.634462 0.174870 0.018924 0.078906
4 0.650260 0.170182 0.015799 0.080469
4 0.665799 0.171745 0.015278 0.077344
4 0.693663 0.171354 0.014757 0.079687
4 0.708247 0.171745 0.014410 0.074219
4 0.722222 0.171354 0.010764 0.079687
4 0.737587 0.172135 0.015799 0.075000
4 0.504253 0.316927 0.012674 0.048958
4 0.516493 0.331510 0.010764 0.075000
4 0.524653 0.333333 0.002431 0.080208
4 0.545312 0.331120 0.017361 0.072656
4 0.766667 0.169010 0.013889 0.044271
