0 0.014562 0.183539 0.029123 0.189261
0 0.045570 0.183099 0.030458 0.191901
0 0.073896 0.183979 0.026194 0.191901
0 0.125370 0.180458 0.028021 0.190141
0 0.155218 0.180898 0.031676 0.189261
0 0.187504 0.180898 0.034113 0.189261
0 0.223444 0.180898 0.038986 0.189261
0 0.294410 0.175176 0.037158 0.200704
0 0.259079 0.175176 0.032285 0.200704
0 0.330350 0.176937 0.033504 0.197183
0 0.365986 0.174736 0.037768 0.201585
0 0.400708 0.179577 0.032894 0.191901
0 0.428424 0.223151 0.022539 0.104754
0 0.009079 0.437500 0.018158 0.167254
0 0.033996 0.420775 0.030458 0.202465
0 0.065063 0.426056 0.031676 0.193662
0 0.131157 0.421655 0.035940 0.197183
0 0.168315 0.422095 0.037158 0.196303
0 0.206083 0.422095 0.038377 0.196303
0 0.288623 0.434419 0.038986 0.173415
0 0.325173 0.388204 0.034113 0.151408
0 0.360808 0.417254 0.035940 0.209507
0 0.393702 0.404930 0.029849 0.183099
0 0.422942 0.417254 0.028630 0.207746
0 0.702544 0.794014 0.072489 0.110915
0 0.797572 0.732835 0.084673 0.229754