4 0.374250 0.763019 0.119500 0.413585
4 0.507000 0.589057 0.171000 0.761509
4 0.650750 0.683019 0.119500 0.575094
4 0.009000 0.343774 0.017000 0.174340
4 0.037500 0.344151 0.044000 0.176604
4 0.077500 0.346792 0.040000 0.178868
4 0.116500 0.346415 0.037000 0.178113
4 0.154000 0.347170 0.035000 0.182642
4 0.191750 0.347925 0.040500 0.184151
4 0.231750 0.348679 0.037500 0.185660
4 0.271500 0.349434 0.041000 0.185660
4 0.412750 0.332075 0.095500 0.329057
4 0.579500 0.372075 0.051000 0.238491
4 0.681250 0.235094 0.059500 0.213585
4 0.752500 0.240755 0.054000 0.199245
4 0.810500 0.240755 0.062000 0.200755
4 0.924250 0.252453 0.028500 0.186415
4 0.956000 0.252075 0.036000 0.184151
4 0.987000 0.251321 0.026000 0.185660
4 0.676250 0.583396 0.025500 0.205283
4 0.708500 0.584528 0.035000 0.212075
4 0.748000 0.583774 0.042000 0.210566
4 0.786500 0.577358 0.041000 0.223396
4 0.828750 0.583019 0.047500 0.207547
4 0.881250 0.592075 0.048500 0.190943
4 0.926500 0.586792 0.046000 0.198491
4 0.972250 0.587925 0.050500 0.200755
4 0.075000 0.958491 0.043000 0.083019
4 0.128000 0.910189 0.061000 0.179623
4 0.179500 0.926792 0.054000 0.146415
4 0.227500 0.977358 0.032000 0.045283
4 0.707250 0.836226 0.031500 0.166038
4 0.743750 0.837736 0.044500 0.172075
4 0.782750 0.837358 0.036500 0.163774
4 0.818500 0.839623 0.037000 0.171321
4 0.852250 0.837736 0.036500 0.169057
4 0.781000 0.960377 0.036000 0.079245
4 0.746250 0.961132 0.036500 0.077736
4 0.720000 0.941132 0.018000 0.034717
4 0.853500 0.961132 0.037000 0.077736
4 0.947250 0.920377 0.050500 0.159245
4 0.985750 0.920377 0.027500 0.159245
